-26.332434310918718, 9.297713776562038
-5.091988751319079, 15.878664838786607
34.34129461357923, 4.474904839671803

-29.50797210452321, 11.037880281205599
-3.8635349853915377, 13.3715261947118
33.08336329897616, 3.8742485103351187

-26.18169876963682, 12.071437672951124
-4.972021944568134, 11.385235080694361
34.16310791436669, 0.3902530384047038

-28.872086624781918, 14.19818128958726
-4.427904883482501, 11.802421647564536
32.02869317224641, -1.188915336309213

-32.05689683165138, 18.138771368057142
-1.1741866658046494, 14.897513912749204
34.02535386809365, 1.977430551609018

-34.93329986599682, 19.89545217287499
-4.769713325327632, 14.823053683544886
30.67124625860181, 3.4194101844014435

-34.08755710479195, 20.150067145842378
-5.478225587067391, 13.647263171924994
29.492982579316624, 3.3547896428740938

-37.86168176287653, 19.74517897840468
-1.863529723025751, 12.510854741090188
27.450174521160534, 4.32299407002498

-37.043893098335886, 20.78111520437067
-4.1839940206565736, 9.774493171162728
27.30014613843906, 6.350310117147056

-37.29462652776162, 21.819957605978406
-6.127381738088517, 8.054809700112353
24.772727774397865, 5.711320744953728

-36.305261067102876, 17.957402959950052
-5.132840866443368, 9.53231902183937
22.369787132520514, 8.190666815287386

-34.38957680414759, 15.077839944611403
-1.3936999265122703, 11.308288623494683
18.504713675658834, 9.58205980702138

-31.97501485425439, 11.157554935615568
0.05538580911172364, 11.300581349670658
18.00470453887881, 12.905585679260689

-34.0370065223441, 9.028625228620086
0.12261003465829745, 11.457885328117278
17.63403252133662, 14.661279463748816

-34.80689986166599, 8.366211662258909
-0.3591825213987905, 8.331341544600054
16.6136114026014, 13.066009799037719

-32.034071570148306, 10.778883663090145
-2.3874203653376984, 10.707892166128934
17.55331686416433, 11.844944380729583

-29.353031132823993, 12.966519632378434
-1.8809670821531208, 7.390112709706486
14.00446680209806, 8.557312266531747

-27.999052202971015, 14.824499043558342
0.024363744055656333, 9.801268049152974
10.841220466041552, 7.7691121724673415

-28.86429951729316, 18.791077223708523
-2.5198608597952576, 8.739182300406503
10.139619698801317, 11.370729496969997

-28.588353092283622, 18.774141364990324
0.6795131704175459, 12.271366744885754
13.117849550476267, 14.585038925036777

-26.190695656593732, 21.499225857413958
-0.9851432097877035, 11.646305354129515
13.89378710471126, 15.355104745930507

-24.81481611061613, 22.196616993482525
-3.3192937192948992, 8.815226459246588
10.869508214472932, 13.208664572966715

-27.92717187065146, 19.78524855917029
-2.543604950097265, 7.254650649457945
7.816338577971584, 13.134883348173963

-25.653536397089972, 16.72841117641698
-3.4914130741139218, 9.195613962368213
3.9558204499247474, 14.50544735947236

-22.007928937519623, 14.031516863174696
-6.906977994203304, 7.448084798994733
3.946727045809004, 16.633539614137913

-25.205752506425284, 11.66383339935659
-8.063219103502547, 3.672179970031906
1.9417433902558887, 17.876391989655247

-27.065243593335033, 14.786881432923625
-9.07867601404098, 3.056999684607315
-0.24682273378041053, 19.228510077601456

-30.024600933475014, 16.591984308947247
-10.761588440963102, -0.72745473180579
1.5025961930691292, 15.617691078701526

-29.181517716874886, 17.56053709151983
-10.47661443388462, 0.6755541331400234
4.788903819845701, 13.119027937588276

-28.7065678297192, 14.288874096626431
-7.0195278788755155, 4.280840704381475
4.820198522678452, 11.624005301783153

-31.535962943412827, 11.381164445485329
-8.736580168034513, 7.201980002875601
5.429074285121992, 14.68789236623374

-31.550914818470225, 9.631701899571368
-7.134183122368907, 7.776310158907275
7.427697874278453, 11.06539785997427

-29.676040601233026, 5.910928457087727
-8.702901900315998, 5.662090353682916
4.741322279561928, 12.136797461809554

-27.590950890974316, 4.54522050257445
-9.201140045217954, 8.943296257440064
2.9693918258977865, 11.249787868966825

-31.18999083558773, 8.016273680435155
-12.870523670075857, 11.196077428275647
4.02480577265146, 12.431479264769784

-27.357969249076437, 7.351308147384156
-12.718065389996408, 14.381736115727385
5.028600994709303, 13.646519246154643

-30.0565835013578, 10.605771188800997
-10.75546208520063, 15.371919105322595
7.7663584476036895, 11.808012822649644

-29.906927219214335, 9.81948290826163
-7.934403295613745, 11.894390713954294
6.985449695170039, 15.352123702798055

-27.82837672738879, 13.06194534777109
-4.581251063784982, 8.88793183614919
7.507502018445059, 12.240754744515371

-31.073255620811917, 14.956175274723407
-4.814261325417786, 11.964797715983305
8.066620157619077, 12.285720221514547

-30.483260153759392, 17.383864237281266
-6.150563400731239, 9.827805575846472
4.61195168154193, 11.810251482746976

-30.7705706597593, 14.523902520232031
-4.711170590073846, 13.617163533211036
6.614119397816009, 15.706938828775343

-30.41494987365258, 14.698510322529078
-0.867946398740278, 10.750906938201487
3.554629139142648, 16.377105023390865

-34.063266982422846, 16.389701039985532
-4.429123400421149, 12.448378200325475
0.3788504283637062, 19.68245354756023

-36.28461427423842, 12.91420286488835
-1.503150035646276, 9.033910777302093
2.110456532183207, 21.078789278476485

-36.23260712141304, 9.698492555193031
-0.49703565750952805, 6.546707239719278
-0.5084614157364387, 23.92815788658303

-32.603174023593745, 5.767005987126328
-0.08777044335327133, 8.941196894626248
-4.268156485319442, 23.319524820792996

-29.332852766302537, 8.329089423431634
2.7980148696873632, 8.972075472584581
-3.438383288116661, 22.885272318852778

-30.50963997875372, 7.267516139622948
1.5197556360180968, 8.454119919904866
-3.8840123088037357, 21.066161619418498

-26.813245485432567, 5.350354600143619
2.7845486582649546, 9.477220084536949
0.07015339596415426, 22.863518214126

-30.812932913943435, 3.8349563191889953
3.218279647993313, 7.106061156347467
0.8816267546081269, 20.159668255271946

-32.08430705367214, 7.3147458001444114
2.3089734378070483, 10.845190295426946
-0.8611031317309266, 21.289944139588478

-29.71325008872961, 10.942613199352595
1.4419400732987224, 9.835248483138486
-0.13693701286306315, 21.974868917961103

-31.21906375148216, 12.83598898787509
-0.14054963075328075, 8.71982212360082
2.695347775281771, 18.682519113792235

-31.693940627592127, 12.91504523907755
-2.410598313080529, 8.668062288293005
1.0273353930473776, 16.140460528209086

-29.669086638312017, 16.43444041851231
-5.235918020425669, 12.633160670265475
-1.4025217205122038, 14.73350398838698

-30.853675424844567, 13.107338178165005
-2.0645699681337195, 16.619478106303806
-2.1106697372269263, 16.047829281874556

-29.230194522971363, 12.209138084270805
-5.954504573521051, 13.37463484909955
-3.7589108887366143, 13.28233109362876

-28.483759162509536, 14.386646320563138
-6.944881608947051, 12.698215938901177
0.11357339836811153, 13.343188607547741

-24.581251092372632, 11.539222569067018
-3.294961947804632, 13.254609125066551
-0.8137167947903468, 13.050262544459917

-24.876061147464643, 12.54335366616065
-5.515095338450723, 10.866507319616737
-3.615181107202444, 11.554982831205459

-28.488137372196057, 11.876606421830582
-1.8567273406903482, 9.36940242858693
-2.980570092547894, 9.078986019599832

-26.25249904475851, 12.882897937147803
-5.363792079694694, 5.389961811992907
-4.963551887786365, 9.155885630824669

-27.185200873133546, 10.730336457589331
-4.393656911403998, 1.5967116183693921
-4.13044241214878, 9.122507714821918

-28.821970519422443, 6.820830651814592
-8.147785071964442, -1.595989373648953
-3.514253038040075, 10.695710216758684

-31.49001545625724, 2.9395257722542656
-8.897276268928486, -4.771507043980412
-0.35604073951520565, 14.637994079521642

-30.40526138775675, 0.3105403154680255
-9.904055339436292, -4.784867008967025
-3.913299382524616, 13.168403611426594

-26.5612909787459, -1.8638005695747148
-9.019760270784607, -8.233886501172982
-3.490455902853296, 13.934852796158793

-26.94834397334566, -0.6590147589674595
-11.51388232554195, -11.65377810136255
-2.131287447353883, 13.672909444401999

-30.009180317351003, 0.13503421487800527
-12.652962561512627, -12.3876842698833
0.3670160235909208, 10.100641647940174

-27.47103622103944, -2.0355028612093156
-9.190936754033896, -15.730041450353962
-2.3814926302366883, 10.010091293658068

-26.279850293054302, -0.7777738141786168
-13.186369995596637, -17.4449582234743
-5.943214188642515, 9.01279518368074

-26.392548647111084, 1.7390673843303466
-15.810511700648842, -15.859399313518173
-4.936843005416981, 5.511866681718563

-27.71060158473835, 0.9505226924642063
-15.974905785083184, -18.205012464890583
-5.560175236811563, 3.923589705671116

-31.1059829592015, 1.5721531328668137
-14.375943782552412, -18.543700201258844
-3.5010666313899206, 5.641618012938093

-28.00855950607446, 3.1286881926210857
-16.144609721716385, -22.108151707157617
-4.080695658573307, 8.707812805957676

-29.274445443723103, -0.5739688965712935
-17.89071147221139, -23.830111989175442
-4.490462893516198, 10.579230817930178

-29.795207813625453, 2.542318769088512
-17.951950187970738, -26.095617682061203
-7.611632051276437, 7.416730851932705

-29.890878653316292, 3.6991616802305476
-14.500478751736036, -23.375941381274583
-7.326456064466469, 9.437369087000866

-26.043403030354384, 0.42674525925808027
-14.341745847353021, -24.396952859839203
-11.258775938794177, 6.984215387124149

-27.625250403141436, 0.18392669493534797
-11.781860280432717, -26.40321607114096
-9.52342111876104, 4.356761455363756

-26.635082225242925, 0.3031812262564051
-15.146453792723106, -26.44165193556274
-10.880620156473075, 5.813257499980782

-26.393835547917668, 0.14440039216763978
-13.43911603578574, -24.367852617348824
-13.317572720122374, 9.732124610996097

-27.637766888402705, -2.206389182665279
-10.53482238226025, -22.11048793310377
-11.801828966018352, 12.028407627888024

-23.77157840767115, -2.8059012032258073
-9.084697503211416, -24.30357287441599
-12.245690623013534, 11.872348579594897

-26.264071834740182, 0.7958702509002125
-10.665229292231638, -25.591255763913637
-9.25597380601005, 13.012643609271763

-26.99639226030278, 2.39362391157636
-14.624003217941425, -22.53305669709821
-11.316178351114218, 12.487921002262079

-28.48941485539593, 3.50409606964696
-16.779332857751474, -22.316566950903088
-10.383807704404687, 10.312999469824527

-29.897967505482903, 3.0242132227308103
-17.562846443009747, -20.357124010267693
-13.547448615750962, 13.944498891790385

-30.4470549500921, 0.26601295449093865
-16.736981011613356, -17.514640332392915
-10.468648929973376, 14.08717831853728

-28.849305183370806, 3.791778116492024
-15.262531398200505, -20.243650997594077
-9.587917227944299, 12.070154092500482

-28.273306527258644, 0.22918375712455408
-15.158186441573008, -20.27728209020891
-7.171149190478294, 13.087348804813063

-28.26865821831134, -2.99466689181431
-18.217502230684953, -22.696288975269997
-9.958995774206215, 9.227072992908527

-26.565462225147986, -5.03165398517533
-17.63350507017381, -24.826355003338502
-10.024444195099726, 12.33956728474745

-28.204771964580537, -8.247979037147235
-18.321574065061142, -26.46183890377459
-7.248640887827299, 8.942591472143139

-31.972316562044444, -7.702862650170396
-20.584821768466334, -25.887573718255652
-7.004980609894941, 12.595135123274142

-28.690934230227164, -10.278378410477169
-18.920486021018792, -29.66161923210852
-7.131917912198404, 16.331312128514668

-31.407390355401347, -10.97319034804668
-22.273381209055366, -30.884910921435328
-7.9736089930096865, 18.612183483299326

-30.02352483365715, -14.775811490686504
-22.002658849500065, -27.999676422255142
-6.629217620913374, 18.825537224813555

-30.785502185956545, -17.063151470102014
-21.158860036163816, -31.331445756482715
-2.630957661287849, 17.174136371236223

-34.59582494683633, -13.187388429724976
-24.014036185597817, -33.43720089724383
-4.563876138376358, 16.179808594897388

-34.58331967843531, -12.423741498996863
-20.19672851314752, -37.172587642623945
-4.774853896648191, 13.870723384963096

-31.40912790998445, -9.645560021028428
-22.5256603535432, -36.9351487673793
-7.263558701733844, 15.42810686238208

-31.640900470750857, -9.508993282718647
-22.43415029440576, -33.89961307512144
-4.822994444791089, 16.716848837852247

-34.344478213867426, -10.703701430984944
-19.71407470244499, -31.18198492804652
-2.2123022162868775, 12.891023307490723

-34.289581068767646, -7.737308672586282
-23.66861939444214, -30.710701615217385
-1.3302043668681671, 10.28071795545943

-33.48415466585979, -9.384959928150304
-20.374452760097107, -28.65704081338094
0.3059864891075845, 12.768215567659263

-35.74328725406122, -9.30874611093937
-21.793266576406282, -29.423951613698257
1.6711928088058583, 9.245389055468117

-34.23019745158939, -12.090990747840639
-21.806388828905288, -27.544869222607943
1.530250951450717, 6.91377633829684

-31.977875598741733, -10.517281624974137
-24.88036633116216, -27.77649299538687
-0.5901023055949652, 7.099383585589465

-33.284853783544584, -11.547722012877703
-20.93770502059356, -27.761153197820573
-3.478784358611743, 4.855164015510581

-30.494507021093277, -10.298894268063993
-19.835277831693006, -25.9283798197604
-5.956700112401169, 5.132680065302478

-27.96404986371514, -9.473829893302042
-19.71610283742834, -22.26233748606656
-7.7666056249956235, 5.818002615897034

-29.361419597366563, -12.319624109621245
-18.690557443276415, -20.0932354343552
-6.803723625530015, 3.1440517394644285

-30.484443102045205, -15.299315811866627
-19.354348803398768, -22.48798865865948
-9.699026487860408, 5.438496825891126

-33.72412062058873, -19.02794991696859
-16.62587945268624, -21.684378037417012
-11.868259658452121, 5.647171287431578

-37.450445333539754, -15.486333043771115
-16.37312245155467, -18.33183186422713
-13.11133242052135, 4.346014113358897

-39.019556094954936, -18.666791948154113
-12.726562223623894, -18.552273503947127
-15.82533003336843, 1.0159077339409617

-37.23811313014502, -15.34244699640088
-13.853385823645135, -18.8220718814528
-18.584283424493584, -1.974070444628075

-33.43816081833134, -12.864421989509296
-10.942540314786644, -20.67953927954297
-15.049730277549404, 1.5720149831249408

-29.536252789740907, -15.61996992680048
-10.199202511960682, -19.016831779944923
-14.808316769347043, 2.6755605869825443

-32.44068715609946, -17.479071088687576
-6.685920239508843, -17.102008788026737
-14.730678726215558, 1.5554525165295887

-34.43501555335441, -17.617048302108927
-10.089731089524793, -13.416897829582858
-11.838873012573906, 2.5125959756336274

-35.215772374723514, -14.368316599237572
-6.947097959952053, -16.373340830105864
-12.230675008391724, 5.906580715892241

-33.03668106750462, -17.274154591675952
-5.29427495182384, -12.629534185701255
-9.538786143136978, 9.106471263438706

-34.958007303225706, -20.685204505740824
-8.830183867366237, -9.782337224854174
-10.69627245855462, 5.778932807190093

-34.42281498371941, -24.22483580629715
-4.898745935717439, -12.699126140618734
-13.39533338109496, 2.813888135226345

-30.494245941662417, -24.186414657039535
-6.024651910641453, -13.890550981287547
-12.818954109581956, 2.20552216557061

-31.13456919413184, -21.205849902182145
-8.037992590333483, -10.35464644972657
-12.866257159313887, 0.12338769103638025

-33.48775098823455, -23.709664182930467
-11.319820660866231, -7.099505655174371
-11.714677968531495, 0.3231943782380551

-29.89657713811068, -25.902755171013933
-10.570422955793202, -6.4302408673377975
-12.968713595064905, -2.619187979276049

-31.385615659699894, -24.629657174403963
-7.37032186193309, -6.197816949474187
-12.751409184887663, -6.197049139395711

-28.22386985688525, -22.629241321000066
-6.8857664186905545, -2.448794115611843
-10.535715511429359, -2.6363429771075877

-32.132872303387956, -21.61092952816847
-7.910641592412823, -2.113850116591374
-13.596462785696168, -3.9594552931271174

-32.75558615725084, -22.975313255008793
-10.6684188457165, -2.748617625889927
-10.645427445173697, -0.5670562031670165

-35.48645332690686, -26.48793065168985
-9.956378373753633, -3.040165072668472
-9.172410611628663, 0.43692252089340844

-36.87372879036745, -28.851456325811057
-7.5551885542249675, -5.94518946579197
-12.717377491231904, 2.6909042041927806

-33.21727035362438, -28.770255846210617
-8.86725799842737, -5.012211542389582
-14.15342916547105, 3.684081228925634

-32.7015142165583, -28.265017238317235
-12.133134557461762, -6.806437191600731
-17.441692313855068, 6.256410738455858

-32.48019284697835, -29.79213826197659
-15.346128104418547, -5.405082827891957
-14.153798473009402, 5.634577795318743

-35.44030114781283, -27.029396100113736
-15.135334717686407, -5.7074424506871155
-16.628758875240784, 6.725412489538184

-39.427382086432864, -24.621009671611887
-13.341053746813092, -9.114577649020884
-14.325819362030542, 10.693640858521078

-39.06378872079003, -27.38381073277123
-11.284726762127207, -11.455745840101905
-11.602063982625282, 9.160637479854

-37.587382042683565, -29.930062298961335
-7.3916610882606175, -10.71223665652921
-10.79354802157943, 6.762129494478058

-37.64516243035758, -32.622380673766564
-10.721664377378996, -9.493708235526505
-14.731197890265515, 8.210677731364811

-35.26661995936577, -31.89904369937014
-7.467428384331548, -7.339825898783012
-17.99975966990382, 8.348280468988193

-31.68475898779124, -29.08819009477383
-10.80179679715236, -3.8228882038096073
-21.529168260698988, 7.482254790364682

-29.747058549640066, -26.29515022176635
-14.146512076723827, -4.885506002888297
-23.59643408546268, 11.425362273178578

-32.08802212655534, -28.077173096692395
-12.615351630948144, -1.7703530327215127
-22.310862435365053, 13.391732548241185

-32.03509952848946, -29.392961450313244
-10.086616283963806, 2.1222162100024002
-19.288572155564065, 11.947363424247008

-34.423495748566104, -25.594892877442362
-11.120800742380194, 5.401143739690765
-18.110326462687855, 13.496443142266084

-35.674629488526456, -25.728245448070993
-8.031316434829655, 6.097125982386727
-16.282495609252567, 12.40217625695222

-35.99651598170145, -24.98829433476861
-7.300534740234375, 5.232075222304801
-13.93565981047168, 15.882770281921847

-39.07354596010113, -27.316499976612565
-4.927734438478806, 5.863375922750637
-10.162149048691365, 16.73984262394465

-39.129028551597386, -29.291947413387934
-1.0299705057099908, 2.395139257831171
-12.484277132718354, 13.237179426131537

-40.30993548123221, -26.16729634567236
-3.082722633236533, -0.024718956544533377
-15.591734710186298, 11.289923071368456

-36.78321366992628, -25.82970965273283
-3.939169804999877, -3.400062141176229
-17.226074876450625, 13.76189489775204

-37.56158407787295, -26.976136333652946
-1.0364586169687247, -3.1587444645957543
-16.197355105465853, 10.680398499924351

-37.11086024011945, -30.5039499276218
0.9287551644358079, -0.4514194341331699
-15.312670774092581, 13.081106503960259

-37.285995299926185, -31.595701106970054
-2.5539281801723686, 1.5587323783230387
-15.579055838060777, 10.002715199142328

-34.538420929609515, -34.157289658195225
-4.51859233670153, 2.031182160490167
-16.15428438395997, 11.383060972473068

-38.17780244264409, -37.94972935885694
-8.126320413790705, -1.4588115130916233
-17.896702791621138, 14.906458239705799

-39.95212985926862, -34.20422044859682
-11.238678023723644, -4.677887369543544
-18.561502246380854, 14.156028211446305

-37.80037020889563, -33.12947155489844
-11.940197230277008, -7.44758828509646
-19.415046305370684, 14.114042465232963

-41.28690830610867, -34.21485604326697
-11.38511971989067, -10.118001688578918
-16.853487916315267, 16.21953601308827

-42.86853405671936, -37.84812797009912
-11.48903514051733, -7.7391720144046925
-13.979533795825088, 12.293434931561698

-40.069673074832515, -39.83548706373328
-12.39794023983303, -4.2114663276368525
-16.144836926339238, 9.43539344164643

-42.09667996034333, -39.35783353447066
-14.336848064824096, -3.448565864209118
-17.29784274668849, 10.30990713330548

-40.34142289775609, -42.19625378079456
-11.980658520550831, -6.0121689695028495
-19.558077116700694, 14.261104922013445

-42.628063367531716, -44.49841733554028
-12.098288769247922, -4.692820349979114
-21.735380689629835, 14.833829657640965

-45.92499154747303, -41.062071679136544
-13.62637892162006, -2.0265833955278065
-18.572055042710463, 14.988213781164578

-42.426912605916016, -44.78628338630862
-9.868282655004387, -2.765695309669951
-17.000896003478733, 13.162152755234608

-42.60091109287888, -43.93438362715921
-8.994818121028032, -5.3373843878858285
-16.716904826256357, 14.713696656099307

-41.27371306820815, -45.00753100245366
-11.98480018144853, -8.401431300838077
-20.580080560127772, 15.821794903358795

-40.08008233717982, -48.13298600061373
-9.745140415372427, -11.449596471561776
-23.127489717159126, 12.874930554983159

-37.83762211388951, -45.12365706861181
-6.9214513803452, -12.588000427985861
-21.01256177693771, 9.982448114639496

-36.172357119234206, -41.30441371027408
-10.489952260931052, -9.572666262693868
-19.59888461765934, 7.940009415447525

-37.65496780692144, -43.041657914088745
-12.152225492679285, -7.377273266796015
-18.154337563223237, 10.667360242537422

-39.22304766207572, -42.88879795817796
-13.02172288691092, -8.359117842685198
-19.60788051915437, 11.182583899686005

-41.700847828601084, -45.54435326964733
-16.084114541766162, -6.327999609710741
-16.266539203548394, 12.512627714954302

-39.33401211330036, -47.84262598155202
-17.85899344746325, -7.3345226180663765
-12.823857476546014, 12.109845531652187

-39.68290738481572, -51.63638279532067
-19.179009539840735, -7.419142049849843
-9.300258746255725, 12.697525677680183

-40.447614064052715, -50.03190815267385
-15.437079988451359, -10.83274753654925
-5.854595737910012, 9.887023567472763

-42.90232022439634, -51.73130479104212
-17.236928367577455, -14.314814776894913
-4.558042426140679, 12.448145750764304

-41.13767064589743, -54.750765191653926
-17.472059617159807, -14.004899995206625
-6.779777591254304, 14.470906482603162

-42.71112504748836, -56.67062535797875
-20.94812055101447, -16.28191499140371
-8.3925031001533, 10.74474943826148

-45.28173813910102, -60.536729821875774
-24.252673391839373, -13.249376298772244
-8.704669265851713, 12.031210467825773

-47.79078174628095, -61.718483949172985
-24.37476624707231, -13.092293389998229
-5.579713956137619, 15.56296270096771

-45.951539026947664, -64.56176251698278
-20.477841456672238, -9.50508654861778
-5.3715684960669225, 15.669661429660554

-49.09824750389908, -68.29616634491069
-18.54092779560956, -8.145684186953872
-3.1205254773586883, 19.629716769496078

-50.337586360102335, -64.86369269713829
-21.806937047914417, -8.03853387821251
0.06979086722617733, 22.846671767160803

-46.54189462051181, -64.55420802093163
-22.100118005674762, -8.963878775962321
3.8537654586476844, 22.566296157477797

-44.83609647403294, -66.44628777622881
-25.207665762893402, -5.7944338740375025
5.328280837080072, 20.54715421648089

-41.436197618895186, -65.65605201283809
-21.338439277270464, -6.520945872640649
5.563482319760094, 20.510645329089733

-42.78771793606341, -67.84070452525471
-22.058306222545028, -9.53944916325305
5.479978075595722, 24.484951493888993

-40.96280100491474, -66.63268400870264
-24.739127238296916, -12.114578872271432
1.8810018630572323, 22.11232920419308

-39.905119080321924, -63.89112044143906
-23.83044543886237, -12.650522371092777
5.786042909886611, 22.21042513643447

-36.700780403984055, -64.84033623608023
-26.758825031113204, -12.084285851275165
4.131360301060748, 18.77423130996104

-34.0056699896995, -66.93953262430333
-27.124736939401956, -9.790348197707537
1.452405489585563, 21.972080981534518

-32.43830781217069, -70.93727933489198
-25.99425155491963, -13.757400380592074
1.590264933950066, 19.985721184772792

-33.250164931390515, -73.25340525575109
-23.421643389392568, -15.445022209052498
-1.1623217486940067, 21.505620475537533

-32.232523094482644, -72.5785001765673
-24.35664944694933, -11.456331718081383
1.9115663961169034, 20.234283318269533

-31.752989724373784, -73.67074695085738
-27.156127835698214, -11.299743239641026
1.5548324051611164, 23.800934901653974

-34.18705461959991, -70.83647433639008
-30.19360409513309, -12.532273300119876
1.306774826860825, 22.07411012759277

-34.802937465224275, -68.95221760568035
-28.49425802999417, -12.543965380137731
0.8217978464290869, 23.14704108357607

-35.39792082303869, -69.78935696104354
-26.82372162336526, -9.276644312202919
-1.895470714572924, 26.963406976099442

-35.372873542131934, -72.51635589401167
-25.89000891355706, -8.621659051819439
-2.4741086379556974, 26.88019735246837

-37.735583613582136, -73.04313456515399
-25.27495829967068, -11.428431596988045
-2.7412857511434066, 26.695719809762103

-37.27508064843504, -72.80492877049669
-28.363161810589542, -13.131282899698174
-5.626111557240313, 30.67072315299423

-36.0993277055289, -72.501896245529
-25.6429209762223, -15.068020020924466
-5.414075168916412, 32.8855611090437

-38.033447733321566, -73.75533801618018
-26.72709250576235, -11.392041604712531
-1.4325619570888515, 33.42344902466985

-39.29262635878544, -74.63048431057103
-23.005705855060988, -9.216435119818488
-0.34376725975286604, 34.81314810836745

-37.7957753696858, -72.18363271884101
-22.548196940856783, -10.943263603376206
3.618008114651988, 32.74952141808072

-35.291525845630524, -68.24537051056674
-19.017687133284745, -12.106495674652418
4.285836618582255, 32.56177506412571

-33.80850871156637, -64.3234088923195
-17.955715336022614, -9.780299393933106
8.179945451107441, 30.211286606281426

-35.0729572266169, -67.95523215872976
-21.808780203917244, -11.716206205156276
6.344646800054143, 30.9916536469647

-37.34233216538799, -69.85987431329967
-23.33608092281934, -15.688975733546007
9.261978718162037, 29.956635540635634

-36.39093634529311, -70.00796490032329
-22.4637669131398, -18.80778769478559
11.147939671382739, 27.947286100494992

-39.536293588600884, -71.48013196701713
-23.755498813451155, -21.43266951287459
11.714491165721038, 31.4357863590013

-42.12017331390323, -72.03423698565449
-22.217663177620622, -22.479619644323
8.004905599829762, 29.25914767603831

-38.93309683022356, -71.17853997348423
-26.15588328088647, -21.2046239153326
6.893615201342045, 30.22515775806728

-42.05625415358772, -70.6423106964982
-23.454592433562006, -21.731419244648777
9.578432884462723, 31.892299586927663

-42.22986657293025, -67.13676167338434
-25.321332951783745, -23.459614756534695
7.168290372162923, 32.9909587177893

-43.616440594042125, -63.2784595818657
-29.237369979424308, -20.93140258246413
5.32834522017128, 36.09519189166241

-47.19956930598105, -62.8096503361879
-29.181739168582588, -17.44826092276054
1.798791072805166, 36.34417581247664

-46.67737542556738, -64.63955224257322
-26.581281716353807, -15.559069048288727
5.170613140443724, 35.89970947819223

-45.96970333397203, -61.70179100300926
-24.567664572518133, -17.150522227194347
6.952847853427944, 34.02604728927702

-46.59381744119362, -61.51336092845559
-23.07678869499956, -17.463557795731035
5.754141750276114, 35.45859824710085

-45.9725061706157, -59.76331718877255
-22.22388520239867, -17.888238984964524
9.486789729182734, 39.36366550056431

-43.91448474338364, -58.34181352951618
-20.321704979692605, -17.103880684581775
9.749813157959686, 39.84143851991738

-44.005831759908716, -56.380308448046215
-18.401364306429926, -18.04129096620434
10.61491976858143, 40.8902139730515

-42.5529491000068, -57.528093507310764
-20.31105945672411, -15.059345807294267
11.382427340530615, 41.7147623466354

-45.027530268086245, -61.1425657963082
-16.79344499692187, -14.351087809037082
14.445055782606554, 39.53769740621199

-44.51931189644375, -59.89668803072711
-20.08042088507601, -13.28178775128027
12.930910281031686, 39.79543372425131

-43.92114913900302, -56.07283299149178
-23.516577311427415, -14.366664968555188
14.57592779384607, 40.118405502604766

-42.246371286217105, -59.050313007836735
-26.895870210138018, -16.354496559767362
14.50654435373577, 42.342348553039116

-46.065773706302984, -61.41335927650098
-29.4066535081452, -18.21216362724632
12.771852737300563, 39.38275182139667

-50.0176412006427, -58.71231881903022
-28.183170040334698, -19.535572968509914
11.19329802055369, 37.4210752022711

-52.124768236727874, -57.545319179384556
-24.45207925264384, -21.269384098978275
11.9048469837284, 40.8058884907177

-49.40606980348526, -58.85606530955081
-21.50073713647418, -20.65830647997842
15.659990143133975, 41.93250906578746

-52.96267438038644, -57.68546173664639
-18.88869051888154, -24.31143204015917
19.28569734262869, 41.07363520877512

-55.28349230753003, -60.258010895909166
-16.01604198461203, -24.311316359331276
21.081181438585986, 39.643050316793335

-57.94044087605969, -59.743852361246596
-16.876093212651174, -26.517556545063734
18.50859244552963, 41.67922414439755

-61.529811142884114, -59.16929443222398
-18.859648223249067, -24.700354988837866
19.879716682823407, 41.55904241445666

-58.37840656270617, -57.37288947121815
-18.673898074299572, -28.54605380720566
19.494270756534036, 38.33139012869062

-61.266817828897885, -53.440863216655885
-19.432056313526928, -26.964689165686018
16.460770393043227, 38.638042828928064

-58.82475793393193, -56.8781338853164
-21.589945551381415, -28.574282519823498
14.613859400180907, 34.98434000135093

-61.967950342098405, -60.54380511463549
-18.007047050540653, -29.413545864898644
17.675897881328993, 33.28790164370349

-59.933285564794105, -57.21958497448164
-20.28843712962148, -28.241290936152726
19.768920264402308, 37.070646288345834

-56.775491402700425, -58.06427615031727
-24.018460017973844, -24.9608769455428
22.471719137304987, 39.51513981058102

-57.2936804340749, -56.9871452390246
-23.933948775302117, -21.006058580859523
23.700501081318695, 43.123799938637745

-58.18072731425175, -55.452326504304665
-20.482327777176632, -20.397546578719687
20.832901637439157, 44.240378799287626

-56.756414355250016, -56.49773026557342
-19.570851788433796, -18.563650185802803
24.38176763124191, 48.15021574540023

-58.3343350646982, -58.25725732265757
-23.53761059439154, -19.57584883727044
24.891922195758553, 45.127424436371484

-55.70249658486779, -59.453518106256865
-22.836161661154847, -19.508613334057205
22.194114003678898, 42.330837908734

-59.25470055595158, -57.4293119566102
-23.32117022199995, -21.079712069530984
24.36639663317716, 39.77395057814073

-62.6831217669092, -58.081673908394656
-23.365627066363185, -23.383148388893854
24.814407973597348, 38.74125129366916

-59.996439781250444, -57.12495778628564
-24.613250114162057, -24.934550738883907
25.470984891156142, 36.053468542436114

-57.731164576581804, -59.31193983102658
-26.3068439195308, -22.597439649380725
27.879131760928896, 35.63123222381812

-58.2190917890772, -57.6697044098911
-24.034203060583042, -20.685823082583937
29.04167845433279, 32.14205917098265

-56.71167817212742, -53.71408882317836
-22.873106083257344, -21.45864217425664
28.883597236770175, 32.3925337953621

-57.35708618538465, -56.3091724775789
-24.570225712182165, -20.622009307581965
29.64841443881796, 36.3913594202681

-59.02358988423645, -53.58560113484572
-22.94939450562232, -20.227138118544595
33.51263139240078, 37.53677702120102

-59.51345997876919, -53.71472865711096
-19.42143734720577, -17.09640111641471
35.271026173320514, 37.816525825790436

-57.612454634125484, -50.75882880624785
-21.06651298243004, -17.850427416668076
38.20445484891748, 38.29814314309201

-59.05366089348655, -53.99546677065036
-21.416034535317795, -19.198250999246245
37.066380515111334, 40.633364521642896

-61.918658774501104, -54.058240019197996
-18.620441335852924, -16.94961253197954
34.02969176047015, 43.959336285659774

-65.38481308389633, -57.63122253546416
-17.596081508761753, -16.970839085034374
34.9252288113858, 41.57675301171215

-68.49469510961946, -60.10866036267394
-21.539248207525237, -13.650550487400992
38.73443787000518, 44.423251258127856

-70.97172670182276, -62.456325780560945
-25.045530718694938, -10.371501786242142
39.078979020127804, 45.63614935901914

-73.00793431875461, -59.76535129164964
-21.92176629732954, -12.684666594975159
42.18187900042201, 42.04726037247771

-71.83728374715022, -59.96387057271341
-18.980286841610337, -13.896638830429447
42.02745590806143, 43.713962700143476

-73.53418604311845, -60.9847721934206
-19.90700997975486, -13.01318464048101
38.79388729603895, 43.536504322094466

-71.05879425390614, -58.25552016309275
-17.249255041484936, -9.80930571510605
38.94381465663094, 41.46195400105955

-67.87661501288426, -57.27966977541494
-19.098243454150303, -12.203500570283687
38.002326646887724, 38.84932518927632

-68.04818594856339, -57.206083856021976
-22.927832828618975, -9.953753655988368
40.387633161659906, 35.68310845035894

-67.05791714993605, -54.03703531201057
-18.979859159094378, -12.775523587735282
42.6023500548616, 36.875249737077894

-64.32394720740537, -56.146867609484474
-16.843200383551377, -13.927186928986188
39.51988806935534, 37.44939508644311

-67.12958013097938, -56.158603048555776
-19.69094731575295, -9.992741233901217
42.24246297014287, 34.56265168744131

-68.7662691678122, -59.81924106929558
-17.742476770486363, -12.141715106388387
40.04985344739565, 34.140497830011995

-67.24347479092017, -56.759315079235634
-19.978513776318437, -14.192264040500174
40.24580169869553, 31.76378687430376

-69.82589616838264, -56.54454352185243
-23.20288097301917, -16.906376861838936
42.2128437697754, 27.833450427101102

-66.38587498333278, -55.120060434784484
-26.62834448666161, -17.017524568316706
39.3007090804376, 26.579913265512285

-65.45512335356302, -53.770548223616835
-28.86374216991999, -14.47880996199946
41.211324247739654, 24.38133264542426

-65.32817869794565, -54.135862949322345
-29.329157295811044, -13.137330075885368
44.84748026441401, 22.344957152495613

-64.07047448165189, -57.53571018203335
-25.38455278454309, -16.762756204471263
48.67163953489397, 19.407573454753273

-63.90539311282406, -56.39079328562307
-25.994861166761225, -14.510321248477958
45.63155011290831, 18.495935833924534

-66.81193702030384, -52.9924724641186
-28.117542365358872, -17.604647886758293
47.87185090374496, 21.827027907089278

-70.61938770753854, -50.651227629435034
-30.352263467135707, -18.414672718089683
48.177204656521035, 18.05601174009886

-71.95876478552054, -53.56850333084151
-33.68843002923849, -18.535749628869585
45.19526070755939, 15.306893036781787

-74.68778151234935, -53.55175968067522
-30.534879170429207, -15.33820923331345
49.08607082059731, 12.09184843058856

-75.13979113749829, -55.93653086655024
-32.179564491180074, -13.766071431473346
51.89858483321639, 8.773241287435425

-75.07644292388864, -54.27291142548825
-33.45478806647988, -15.055001910748398
53.66527009493494, 5.053825234982267

-77.4388378357053, -53.64550719484487
-34.03422160931216, -12.312267829592848
55.660594229937, 4.392452744438164

-80.32473500256302, -51.84131374216042
-36.42952577678541, -9.117929771547121
53.86371208580873, 5.002382934341208

-82.52322382777021, -52.44173595429675
-36.11690457674684, -11.447245451031492
57.03295712779125, 5.091140063347066

-85.35162438247589, -52.17402789354288
-38.5136699157096, -10.740132674067446
54.83879114043088, 5.11432016439634

-83.82142861139448, -55.252691601920674
-42.122065273706106, -8.007905116795662
54.71615691898974, 1.5217749904452198

-82.5633582870493, -57.81561763173898
-43.0256767216541, -9.00755371922102
56.5108566575214, 0.8658570525001652

-85.08272887182547, -60.76685740583306
-41.62424989500856, -9.953250838159946
58.48146378368464, 4.348838512604215

-83.608127843947, -60.44451383262505
-38.68739243752489, -11.752738263291278
60.446248756676816, 5.316519384354871

-82.73607068967888, -64.39245164733319
-41.800089947552024, -14.81234677204203
62.152670013304984, 7.60945891360405

-80.67926021018636, -62.052199852342305
-41.773307275262496, -13.588339974832422
60.19451505197062, 4.907830349583998

-79.70771495186733, -61.76124977864612
-39.85648792988495, -13.764397073129462
59.54646935478593, 6.045374168594274

-81.8736410838862, -63.68452932861759
-40.45386551401999, -13.247537880422872
61.504407571310395, 8.272744190041639

-78.25330833348342, -60.06023860471987
-39.971230569829515, -12.345406752177254
61.09623619019062, 6.533495851218944

-75.8555960181562, -63.682826372231816
-43.9345688789132, -15.44975269799311
62.660982173233734, 4.218209273118743

-76.51463692616176, -62.74429936679851
-42.13549122064012, -13.763359054619835
63.906997834849854, 1.610645597240537

-72.93896222417747, -65.78448055940339
-43.716848265510066, -17.144541261725
61.10688598042443, 2.1022047789546825

-75.9838009634942, -68.41653496721163
-41.50183830258017, -14.010316341058697
58.55200094700027, -1.4723901181073025

-77.60813745810889, -70.36682077337714
-44.12425920168495, -17.312827609287023
57.21189043996983, 1.9072010489342643

-80.7416340977991, -70.05795101753179
-48.055123783947316, -20.778103978354984
55.68040252033056, -1.1394189613873529

-82.26723094283375, -66.7533869187194
-46.94851729552611, -22.042045545416272
52.275902999887975, 1.5726029924058222

-86.09573980139643, -68.97167284439944
-46.94806717390348, -19.898944923466825
54.37991757503051, -0.7896020226056661

-86.4069730586534, -67.07029416416692
-46.88504494590137, -22.190644767370152
56.20397431732417, -3.4996675615767137

-84.62188123563809, -70.64827597913552
-43.85419058894265, -24.124055207221055
53.77729988925978, -6.095093060650536

-84.52098853901013, -67.34733466368012
-47.5669165667334, -27.881175333281927
54.11578516375299, -5.374363933062031

-88.15230096198268, -68.99621243732196
-46.098544418572786, -25.593036445033384
57.84105391986318, -4.1550225853107365

-85.2800207196289, -69.98496405092406
-49.58082375277904, -26.81699116390648
59.259369319742504, -5.823457693325539

-82.44165447304921, -67.01572065739091
-51.22246486345878, -23.169847532458636
62.1909958789515, -8.462970015924608

-81.65739281467278, -63.228606564729134
-47.363454966300026, -24.938664561752454
65.78588291295519, -11.323730947944746

-78.19351194806026, -66.23996715716468
-49.83855227454069, -24.266234753809496
69.59716746417833, -14.092404254729878

-78.83247869984045, -63.460148333150634
-52.37276046211905, -23.983724498276583
66.73147821135484, -10.325723431280867

-80.34793292129285, -65.78405813971308
-56.32794438108013, -21.90688550467992
69.22255438936077, -8.178513295735236

-78.89628216701757, -62.19494319290953
-60.21362209851828, -24.523718982104715
69.09575187955117, -9.837069274205575

-81.33270763689234, -64.3504197347944
-59.818540968277276, -26.654737352538106
67.30850131298332, -11.515813710002607

-80.66321747050475, -65.10914818517129
-63.57213829105956, -22.907614518982818
68.19035671273946, -9.575879057239591

-83.38835794841359, -65.23641869509156
-62.188100627689046, -23.439673459596534
64.42054941243853, -6.113921382264229

-82.68833999729756, -61.894534748537204
-65.91737233668377, -24.287217536511736
66.57456799105208, -4.47260630276885

-81.10591365574845, -65.4397783249625
-68.41779717874084, -22.01683865173775
64.52673339314028, -3.0910824841141524

-77.77632155827075, -68.80544269232219
-69.63058897410357, -23.03018513378967
65.45768659951686, -4.163560507224741

-76.0014259881627, -67.89439590705211
-70.90285719755191, -22.89835877594247
63.144383746972046, -1.3951652359507811

-79.16050245397984, -66.59771988209043
-73.69025680485476, -21.876015618097746
62.65885779437067, -3.9137235314698007

-76.5225790349227, -69.53195762037157
-71.65850866112858, -24.14309994381948
63.87508904181066, -2.1909179972031456

-73.32079003653143, -71.80195409228801
-71.03354134337471, -25.634921481726575
60.164276480176994, -2.682191459157089

-69.78657283758363, -74.30240322409765
-69.7064388664297, -26.282598664697268
60.66320491690705, -2.2215285137133662

-71.38470957520815, -70.4559252196859
-68.642331353623, -22.416436843170096
63.111828784153325, -4.655663182888937

-72.64212224743449, -70.60985927459008
-69.93246092384376, -23.93670953445123
63.240499378544776, -5.872475356315289

-74.33015954147753, -69.60527555580684
-70.96596017551786, -27.846319947138113
65.13169862267095, -7.954973101937727

-75.81860681913395, -67.4171698697665
-68.63512641513488, -24.771862878439187
63.20191259937974, -7.8044671966277095

-78.30634809834261, -71.36558490321389
-68.44091899477519, -25.816275052081764
60.9737656059797, -6.784819563840426

-80.85935421038242, -71.68569907997909
-69.76306680351725, -28.630782945300197
57.2230279999349, -4.494100256873387

-79.55974377577955, -70.1387360263008
-71.93752193159742, -24.665101016430075
53.526878274955095, -6.749313057770782

-81.42203882096669, -71.9456452831858
-72.62156293430388, -25.548242380179644
55.56181737638769, -3.3566968846371443

-80.67432525389393, -72.99190141812669
-74.57670817842677, -21.57542914671157
55.27555185185306, -5.704157143010286

-81.76610810110431, -71.60862738837439
-78.47006762687802, -18.361648958118963
55.61473287488992, -6.77778357535536

-78.48618424875647, -69.81173077078579
-76.12137362947371, -18.352242555793765
55.189770042464616, -10.21790212640557

-79.9614205183642, -71.49385015031916
-74.50560999155357, -21.030162843841186
58.55056694514904, -10.253181783125378

-76.64917694780188, -70.91233847924563
-78.37621433759298, -19.68987775081564
57.54907646908269, -10.412242640620388

-73.88936450673164, -70.31352411213535
-80.92847257951013, -20.105422808344642
60.2291083284576, -11.83062381626262

-71.517237499266, -72.48645510114547
-81.85342205918454, -20.4003573377229
56.42151417083904, -14.37668320631414

-70.80300815058794, -68.90730289534552
-78.02327216992713, -23.794414464626612
59.895678141599575, -17.53308328186182

-71.91842262937928, -72.64903991256584
-81.94420063404445, -23.498973233151425
56.53852013400483, -18.571087964956014

-70.22857293856013, -76.00096502510658
-81.60297258320367, -26.37354519853725
59.50700583671889, -15.232928395829736

-73.0566244325057, -76.32306931513891
-84.85216314021982, -23.321060226608452
57.264429915078956, -15.874857853196808

-72.50343160951154, -76.26400446483787
-86.65182410929235, -23.7521282607259
59.10556415787768, -17.37984195594496

-70.14251259809859, -76.4108447080171
-87.92081145341474, -25.636786565088926
55.56001822505794, -17.618187615453465

-71.6419049985972, -76.06142345354068
-88.43639983971586, -25.900202859034284
58.11814443653239, -14.089386143677853

-72.74423637171344, -72.53343818984831
-88.6784264749677, -25.16814255565116
58.81511577467314, -10.08947046452024

-68.98550310184605, -75.67041949372609
-90.54889201401961, -21.881820935908234
56.36522173772975, -7.66277387024193

-65.02082769396192, -77.06818580553364
-92.2756333378426, -21.932172132206816
52.50906329642584, -5.302380827096821

-64.7853171629504, -74.98654250379872
-94.87460847573017, -23.29099807727773
52.76158214975297, -3.574027225645108

-62.38005202256174, -72.33523726845998
-98.47353801470237, -21.777754000020185
54.41420187105686, -4.966185528413714

-65.18981490745882, -71.55408363070357
-100.6991866224629, -21.03285938024095
54.63715089862346, -3.838373388020594

-68.08590863294194, -71.15497560298694
-97.9010479701431, -19.81275823444068
51.84069953111216, -4.3137942592278895

-64.7923544425221, -69.7348056444923
-100.32390217789231, -18.00500865375861
52.292861327264646, -7.510395823455697

-62.22884464378409, -71.6048242469027
-101.06872842243372, -17.6573335889778
56.01707139126825, -9.200871076312222

-59.87194741180566, -75.42831660442248
-104.18078513466928, -16.554153407566744
57.83550983265419, -12.157603163434459

-63.62494413270205, -71.56847876414608
-104.43938059651626, -18.47275569763805
61.44493704522296, -15.796580506924924

-60.30660022286504, -72.42871526375676
-106.20694708144116, -14.988511343372831
61.708165204906976, -11.825657128053152

-58.216093752934256, -70.07673239600727
-109.66946401372063, -17.528432172627948
59.762033025560015, -13.187597628402305

-62.03365336812602, -69.79207027939675
-109.02702802950965, -17.262317727472432
57.34650331388576, -14.977932923009853

-62.274315750937156, -66.07464469349189
-106.50268546639496, -20.543137162720345
60.57769218828968, -15.298225370298791

-60.72255999403842, -65.0376901280011
-110.05740285489703, -24.478502379667876
59.252950303962976, -18.73679120919466

-57.220053419419415, -67.38933522530806
-109.56417726845272, -27.92116927951495
61.47274186346269, -15.383392689581576

-53.78224435372673, -71.06266254681285
-111.27196076364463, -27.08296711041354
60.1835363143576, -15.540775043141043

-53.17882307243227, -71.24257049435508
-109.92338322327838, -26.656720791273315
56.73167244067584, -19.06720720513385

-54.53415772932904, -68.4681038676273
-111.3900898260496, -29.506656404035773
55.880694596994246, -21.896407670115668

-50.736192923374915, -69.87899041906431
-108.7780640570986, -26.09936927092174
58.25525729813831, -19.425589162950995

-48.80998303797464, -70.28012222996045
-111.29604531975019, -23.50264576957808
61.783613867039044, -18.438020478976462

-50.34245429572426, -66.98519964398568
-108.91754334895538, -22.779781981510627
58.64844964401204, -19.421336136012727

-46.98389221742356, -65.03023627087741
-109.47882212239914, -24.311646676899908
57.49680874284091, -20.0807918294554

-48.820383615131554, -64.55066218618694
-109.90561090618311, -27.574345796536218
59.870479707462295, -21.361242592073022

-52.042891218772795, -62.308150640164875
-109.32397286278996, -28.646227230474693
56.68331395604652, -19.635067299148055

-53.10649951259432, -64.26941539908738
-110.74894366327392, -27.712405087753055
55.34754575342007, -17.205221631402875

-51.907656101071254, -65.48092068925989
-108.93696786357917, -30.37709768525958
53.30174404772191, -20.471437458219313

-54.374886722014665, -66.82672435621953
-112.11095910308867, -28.83925463304093
55.53788459322006, -20.31796150323676

-50.909839786131656, -70.6787322148102
-114.13316780997982, -29.236221010244844
54.88310718936784, -20.803801984107373

-52.9313718662434, -73.76378898958953
-113.24943817419538, -30.839109743244737
54.32518728565533, -24.426017159260283

-55.264874628245664, -74.47255514295469
-115.94880449438402, -30.093429911614724
56.337300548774635, -21.027313144302596

-57.581333732070206, -75.1890424743542
-117.64307815928477, -28.649984950241624
55.625558462672366, -21.19556855096875

-57.22657728486509, -79.05142544900346
-116.465589322053, -26.169499790069988
55.42143490964254, -23.903901591993783

-55.15213995538405, -75.586310843908
-120.08743179047725, -28.50761538178967
51.98613334488649, -22.47276238561804

-54.757820558644376, -73.88196498487788
-116.612589297763, -26.642831957898046
49.30386317849121, -24.00078500522847

-51.688767155507, -76.58183662063631
-114.58125987978191, -23.98499192149638
48.04113931862349, -25.57400352801153

-52.79409613848904, -80.16937113930834
-111.40595118554688, -22.245603426952943
48.49802655391134, -21.954877042005528

-54.10277609644161, -76.67070807709479
-110.43553677437902, -22.47361794628665
51.26763031442789, -20.946844611555772

-51.34816096633314, -79.46099147879426
-109.72378015708162, -19.982201617198793
51.370481128575854, -24.6367130918823

-49.46363106688833, -77.24032573490528
-112.61242880353973, -19.094170903093193
52.141681917055394, -24.501068414281665

-52.07318511388053, -80.59366310484576
-109.79554002096636, -15.763485003876045
48.19752225275488, -28.14423232319909

-48.190237296188016, -82.62565658985224
-113.67445470268956, -12.119967365416096
49.23548098412226, -31.188550071405963

-49.330661529175245, -85.92780932480248
-110.62477747787429, -15.46446664357369
46.71142223091798, -28.763895902084876

-49.987607102231564, -83.82298587628928
-114.46197648567562, -13.734790700195976
43.21956674942368, -29.897202528846073

-51.19854817277749, -80.08541109328209
-114.89961113431126, -16.81886577914675
42.84007534462995, -26.221697310631075

-47.334968741950064, -81.61220962759971
-114.11307907701855, -15.308428148826273
39.84443130108695, -27.51098000910197

-48.61631618914456, -83.30907551169022
-112.44554687997585, -16.272170118396616
38.29748788777798, -24.21053249545637

-44.70509300383044, -85.69007392980443
-112.7109013968929, -16.823808418466783
39.30012713346862, -28.102646497268307

-41.693368784678746, -87.65557285735179
-109.07805590902187, -15.854605928415797
40.53048463761132, -31.096613371569507

-42.814520925417824, -88.70655011300813
-106.19955668529707, -18.34544159390394
37.63531504764455, -29.24149721459904

-44.57492223044649, -86.52770874159636
-109.65995703795915, -16.413834236250317
36.108856414386544, -29.31127136683358

-46.59914368365534, -84.76365519836207
-112.47260764453502, -15.86476161333842
34.26436446433606, -30.672506464446133

-47.703814228734835, -86.14090710550079
-115.62542254638336, -12.095808080726297
33.46457131199982, -34.07761809075003

-45.40160286499615, -84.56796767123974
-117.50949017665425, -13.684452572341904
33.77812400417109, -35.81580525933833

-44.860845719920746, -81.07951712477563
-118.66298403676355, -14.672514833631048
33.480653809310375, -36.9724814345245

-46.70744514246137, -83.37647706466578
-116.02199256601753, -16.9879961074128
34.41302973391944, -39.20867472289937

-45.178084585882, -87.00332348217039
-114.8920793876473, -13.773260148849719
36.76625931890198, -38.704926566505264

-44.01711941645081, -85.82094994933982
-114.48727826917819, -12.281465594681364
32.911239615803076, -38.670634208484444

-41.94415861697084, -85.92493261267005
-112.5827353886996, -10.799467029553217
36.01251840185945, -40.425805523022206

-44.3144174672035, -83.82825336495016
-113.46939135603344, -9.284692992695941
39.30552463291035, -37.87987575681823

-47.23892037698583, -87.6399900149274
-111.8471345218962, -8.922350166083795
41.417626402182286, -34.508638581553555

-46.048904114733205, -90.55151628450147
-108.98425035524438, -7.7839276542791325
42.31770073423638, -31.770839660994596

-44.63206923857379, -90.33214773889497
-105.3423647438629, -4.511502105220764
45.04834113417383, -29.272526840228508

-45.222738839433326, -87.58138108143488
-107.15522373873208, -7.730014910460406
45.55394359824274, -32.06324109711875

-47.63671399406974, -87.39055652582574
-106.22857681510921, -7.371094508383374
45.71931381703497, -33.98784946587999

-44.82827265962277, -84.27892972484717
-106.3802174540282, -4.8021572741094865
42.08307986048601, -33.819737012590316

-48.032520043069, -81.10921128094786
-105.2112858689164, -2.558563769136555
42.41664914738928, -36.279925224025405

-48.24000650596492, -77.2967696328416
-104.3602486214533, -4.29957128433319
39.18690201945182, -39.78195278513818

-51.07124423942595, -77.94479443769549
-106.25051008798174, -0.986275271287929
42.87663042327732, -43.565598145196276

-49.59854629077144, -80.67856933220223
-109.01799722815622, -1.2186185627417352
39.03899178162564, -47.083270455904135

-49.355092766745, -80.37461183367654
-106.14345146433376, 0.3449623759605469
40.92598072437362, -49.79516457072841

-48.5088302045194, -82.6845251955778
-102.77962141765168, -3.198498684198049
38.306845312736165, -53.29811536795427

-51.081483074229574, -83.83067550915503
-99.70161643317763, -0.38554014206155607
37.53269336317025, -55.390625729226244

-54.89375111373284, -82.00481375515004
-102.73488623570029, 3.4332978394334157
34.61818089946846, -57.221693067776265

-57.617242337850264, -82.9413862197409
-103.37053906169378, 7.304630461243245
35.016378684216185, -60.343969949661755

-59.13498786491553, -85.43679058583419
-107.0998004131013, 10.166389421774547
32.604195273946694, -57.104965637374235

-57.89144567907478, -84.93159347279871
-105.23468201166986, 7.337861538241039
34.20170876453657, -54.918969522820646

-55.568699674994036, -85.48239659018556
-104.29463777550426, 10.015209955251072
32.573485030399915, -57.28130935932878

-57.75948542810335, -86.90127969371065
-100.80852312812324, 6.389712800362905
36.26283191816675, -57.70962800178267

-55.120142894400935, -89.15217325784997
-100.48763229315333, 7.583899007577448
33.27346834856412, -54.43401261127868

-56.24578577282529, -87.95684456378156
-99.38837854985806, 7.953117613598153
35.23013227511506, -56.03956736239786

-52.91176748811779, -91.40181126433578
-97.9128384058623, 10.600816998789384
31.43396195887256, -54.35176077548709

-56.38220903233321, -89.16416736359213
-99.69543498234015, 14.228819330993428
33.307651725649535, -52.963511897360185

-55.09250590409275, -89.58696048398441
-100.74559614812767, 11.185600406994912
33.16996515203227, -55.92188559755417

-58.76278801110594, -91.03419917746581
-97.7900214432654, 14.532544403247734
29.513156223230034, -55.99770778151571

-61.53195229546589, -93.08971325899705
-94.388246118829, 18.186754030453248
26.96145815167978, -56.45088944710602

-61.46504148478532, -96.95660736202309
-95.3624156140946, 15.968746152541998
25.204541982263493, -55.7414535414378

-62.900356676692475, -100.87956371184575
-99.05338939967761, 18.265874647448562
25.21899309191138, -56.08385295694518

-61.88607264010253, -100.05554124460345
-101.42600564071219, 22.19539047962775
28.776725315994927, -52.72496727099295

-65.18845668989063, -101.30354102176219
-104.14536373560976, 20.840794122644287
32.60087333878578, -50.147788481623465

-69.14392404743647, -98.25714490131574
-105.94166070892798, 20.50142454555012
28.99325391757014, -54.123698324520134

-66.84700279110356, -97.99748047333341
-107.16107612084818, 16.885880389289305
27.060325954467757, -51.02087153785259

-68.47517477369647, -101.36471411301969
-108.3543506879323, 16.66009861730374
30.456715570015994, -50.66096099546775

-69.50035561779218, -100.27525521068637
-110.44946252787048, 17.2842802838146
34.223866962395824, -50.26242886281239

-69.54162868754982, -103.07557022507129
-108.64470149901294, 19.10889804316561
36.570513209629894, -53.93206432722931

-70.68509904541715, -102.94444790748193
-105.85181352300958, 22.382222480685773
37.77877789317424, -51.501415768854436

-71.74181741519381, -104.8041253981125
-109.05545348821843, 24.11130943221802
38.5873121783791, -52.84449506105481

-71.71267043788873, -101.2036916391344
-105.11651895588102, 26.369963139434187
36.242149444219244, -56.11526022252498

-71.05974240033527, -101.23444850258083
-104.27559170860098, 28.491971226854574
33.34002152152003, -59.15165766343686

-67.42668207654579, -102.7409247457572
-101.7805336031921, 25.966687785603227
37.257316033188246, -60.32085837762338

-67.56404742412126, -100.96301655418257
-105.66030506835129, 25.076224177587342
38.9921769634962, -57.93171056437534

-63.98733040544572, -103.35107446241345
-104.68462460439528, 26.03216428170054
42.02383708628528, -61.191919618251085

-61.89573741458153, -104.52152839686568
-103.08542440346555, 29.280681950355127
45.91897460674296, -61.160488186910925

-61.81355716202105, -102.66115649627233
-101.8396484220677, 26.9705705221031
46.52196090315229, -64.76901573194074

-62.13318632105576, -102.21969483562854
-105.2181314508327, 26.841649871831173
46.74189317421507, -68.7005955635615

-61.20148459188242, -105.56202964315051
-105.1534824251665, 26.233053627153055
47.417982165296166, -71.76320661127546

-60.28161385641421, -104.21018176621169
-106.23055600491537, 27.698225521478527
45.940788810269076, -69.44629650559374

-61.47667681593222, -104.55015517806984
-104.83645533638118, 28.589219444303126
43.32157865282591, -65.97964779879413

-61.442425777011294, -101.59449136500494
-106.6070747844268, 24.83048410580367
43.61436465669912, -65.9762154077484

-62.1533611386025, -103.38139406210362
-110.20320259629125, 27.383204090341252
44.80913814301872, -66.39401460795274

-64.062435771191, -104.98466578184065
-109.57993609552463, 31.219735030044628
48.3199810049032, -66.15501987388849

-60.19959854739157, -106.9285410455208
-111.52512837628055, 32.21018226343837
51.518234288174845, -68.7349423597429

-60.713339116276785, -107.87329032168105
-113.38079895314814, 30.46211863537541
54.322650831351886, -68.78423535404332

-62.25739677681062, -110.51455530707635
-111.6172339976328, 32.886980876840646
51.64767789401471, -69.01378250945088

-61.1838052357833, -107.31742512695203
-108.05277104116833, 29.307541428634266
53.055779873858384, -69.30585522505854

-61.33764708262716, -105.20067883429057
-110.14169721556709, 31.6465597392655
56.063882467572846, -66.8951163268966

-61.54732218538765, -107.27884193400868
-109.95596626491002, 31.090044119990857
59.01778048172897, -64.81142049445285

-63.35393156280081, -108.39540900884421
-113.87301052926455, 31.02524302113345
62.06941981198391, -61.485923480923

-62.53518297474411, -111.78129618443562
-116.20312367005131, 27.04262126253151
63.40592131806819, -63.89668173028752

-59.278530940266016, -107.93335436604357
-120.02685499987226, 28.352135904011853
62.010387151077445, -62.10903082581365

-62.59584712741382, -107.89612815831006
-123.69490543207046, 28.504927508492262
62.930138465941134, -65.53258358635854

-63.17938034731661, -110.08477620089151
-121.45147407824588, 26.620409382200357
63.894529383871564, -63.014433528841465

-59.74683368333742, -111.48784437214175
-125.08254391227507, 27.83340956774095
61.88695620322905, -63.44080242369978

-62.539647583231144, -110.021102521334
-127.31795862177162, 30.472090014432553
65.64776617703107, -64.09271958587452

-63.74692685147493, -110.99823742051214
-129.2182826476184, 29.686879534755725
67.84910929152065, -64.96550822462594

-67.5058808356927, -109.6296308158709
-126.8459044352113, 27.14496615110828
70.96300486701591, -65.26586589198084

-68.44172180599679, -107.96813244213713
-125.91053137819979, 25.97732917278958
70.52773314389596, -63.72741780234781

-67.17944219928161, -106.59331652785487
-123.20286555429682, 28.639661970235732
71.47975945027872, -62.652595941715774

-69.28988363867096, -109.4014608696602
-126.1914746789449, 26.504706092670304
68.40582438261987, -61.86624513311972

-71.45874659069347, -113.39141838433852
-125.19171579226173, 25.528740856229724
72.21239667328605, -65.154460437815

-67.82996278972104, -110.03376721618264
-122.48021545686, 21.9986349057671
70.76162509999781, -67.53377310723351

-64.5379625040046, -110.40728556043442
-125.73479392360143, 18.125759448649355
69.29629274946282, -69.8535574429602

-64.21434990180138, -110.99012450929914
-124.83490087152302, 20.96198380410118
72.1241041925513, -66.26643938440226

-61.99160488170505, -110.45385816304669
-123.7074291003764, 20.21772294467315
71.44970152249698, -64.45964520286205

-63.87225256393574, -113.54322500528262
-120.18786727773039, 17.723787954838055
71.35984481347349, -65.26076127480496

-62.248213643257564, -113.3427402454271
-118.18809781721386, 21.236268311310116
71.99292220920533, -63.635046628995

-62.63063380888605, -114.2090045658579
-119.24898619632309, 19.305671571290297
69.01558057120978, -65.97045593160291

-63.32710007204403, -110.89942343808542
-116.86700085028531, 19.90258267099394
72.4837614604073, -63.73417398645445

-63.294852702413486, -112.25588521276211
-117.93200713439889, 23.769708487289613
69.27497804194552, -62.7812184245487

-65.59410236359342, -115.83865517798378
-118.3846419818132, 23.568635374306893
65.57850130233932, -60.61915863448731

-65.55126103906976, -118.90241941352397
-121.46167468437206, 26.490981861777158
63.859944962886495, -57.54071293291153

